%YAML:1.0


K: !!opencv-matrix
  rows: 3
  cols: 3
  dt: d
  data: [1114.1804893712708,0.0,1074.2415297217708,
    0.0,1113.4568392254073,608.6477877664104,
    0.0 ,0.0,1.0]

